 8547 3211 28715 73748 29 64360 4600 122069 80419 20281 17709 399 137003 10291 27833 46688 32967
 97230 66968 57587 9598 32768 8108 59798 126474 1738 32768 2163 46255 95403 18510 410817 168071 1963
 92549 10052 6041 120172 14257 37685 3910 32768 3153 194382 35498 399 57295 21704 51766 75096 380230
 2463 151238 6790 58895 194170 35004 75253 44837 38045 562 4049 80483 15938 307 1416 11550
 14030 568143 100188 33339 43662 184794 5280 832 76516 33250 47210 796 298159 7003 124956 48250 20269 4683 192516 33984 64092 700 21714 74527 43355 101951 1226 404124 7314 922744 278435 94569































































































